00000000011110001100000000000000
00000000100000011000000000000000
00000000000000001000000000000000
00000000001100000000000000000000
00000000000000000000000000000000
00000000000000000000000000000000
00000000000000000000000000000000
00000000000000000000000000000000
00000000000000000000000000000000
00000000000000000000000000000000
00000000000000000000000000000000
00000000008000000000000000000000
00000000000000001001000000000000
00000000000000000000000000000008
00000000000000000000000000000000
00000000000000000000000000000000
00000000000000000000000000000000
00000000000000000000000000000000
00000000000000000000000000000000
00008000000000000000000000000000
00000000000000000000000000000000
00000000000000000000000000000000
00000000000000000000000000000000
00000000000080000000000000000000
00000000000000010000000000000000
00000000000000000000000000000000
00000000000000000000000000000000
00000000800008800000000000000000
00000000000008000000000000000000
00000000000000000000000000000000
00000000000000000000000000000000
00000000000000000000000000000000
